A = [0 0 1 0; 0 0 0 1; 0 11.5 -1.84e-3 -8.08e-5; 0 7.2 -8.16e-4 -9.18e-5];
B = [0 0 .0184 .00816]';
C = [1 0 0 0; 0 1 0 0];
D = [0];
save invPenSSModel A B C D